475.92
169.75
479.98
162.44
510.21
136.36
487.14
245.59
208.53
284.17
184.36
124.7
201.25
460.39
210.44
479.9
433.04
320.58
402.3
400.37
263.97
122.87
223.78
204.38
462.84
227.66
240.07
223.03
211.62
427.58
296.32
322.14
317.32
256.49
204.89
221.07
316.06
122.01
397.65
312.48
119.73
238.13
272.93
297.6
136.36
167.63
459.33
207.15
322.7
284.87
406.03
336.36
181.09
429.31
360.68
300.24
422.49
298.21
124.0
439.32
129.18
212.71
264.35
203.85
427.66
318.49
229.89
409.66
468.55
439.36
267.69
361.86
121.39
479.98
209.6
391.82
135.03
269.5
320.98
203.64
218.11
210.52
211.64
171.94
381.14
418.53
240.83
245.09
216.61
277.93
244.22
275.65
403.48
190.29
294.94
338.77
371.75
243.94
318.75
313.75
831.1
1511.3
880.14
1721.18
1312.97
603.09
1270.95
1456.7
824.11
1375.76
764.91
1551.65
1547.18
1577.36
1561.2
1479.91
795.37
778.52
1212.9
765.4
1695.12
1650.54
734.7
1241.84
738.37
1610.2
816.57
799.85
502.79
859.58
1479.76
966.38
1124.65
936.77
1328.9
774.94
1134.56
1513.34
1447.86
798.36
691.08
908.59
1088.61
853.33
894.34
1440.72
1664.09
1505.84
895.99
1470.5
928.13
1528.82
1074.11
1427.63
1386.79
548.19
1272.07
1238.35
848.61
779.41
1355.77
570.39
1197.0
908.7
1494.78
1422.58
799.26
734.41
1707.74
485.25
765.43
902.86
846.23
1202.09
1217.96
1456.92
1559.67
787.01
765.32
714.32
1587.34
1278.79
938.58
1715.97
918.4
1107.64
797.9
920.04
902.29
1437.25
1580.69
1325.18
832.65
555.18
499.19
1211.72
906.18
707.88
717.17
908.12
1885.3
1549.69
1594.63
935.17
1518.86
2064.81
1085.61
919.9
1214.85
1656.62
1560.62
1277.29
1362.23
1022.36
1752.86
1729.06
1580.24
1128.21
1854.4
1554.11
1014.66
1413.59
1901.24
1733.37
1705.56
1439.21
1322.07
1507.47
1071.65
1664.69
667.57
1590.11
1216.34
1640.67
1003.27
1714.75
1137.98
1612.32
1674.99
1644.62
1102.13
1547.16
771.04
1679.6
1751.49
1819.1
1948.28
1799.55
1587.86
1691.8
1255.36
1172.03
1896.14
1550.82
1922.88
1040.54
1487.8
872.95
1512.24
1141.4
1542.16
1658.87
1854.31
1312.83
1601.96
1790.96
1705.4
1219.78
1482.52
1930.66
1652.49
1779.02
1574.66
1241.42
955.61
947.47
1840.38
1229.55
1564.25
914.22
1978.57
1198.98
1551.52
2045.02
1530.84
1910.82
1794.02
1090.02
1674.85
1161.9
2088.49
1913.19
2124.16
1936.93
1007.76
1420.49
861.31
1823.31
1643.41
1684.45
1564.35
1023.05
1379.38
787.97
1416.22
864.14
995.81
1526.05
1381.48
1510.23
981.09
1305.98
1087.61
1246.66
1274.59
910.48
1077.74
633.23
1041.55
1074.15
1598.26
884.11
741.68
1406.75
1553.35
1017.62
1161.82
1669.87
1194.75
981.29
667.14
697.41
670.45
1934.25
1345.14
796.99
737.74
691.82
1037.25
1074.41
707.43
848.89
1293.81
1454.73
923.54
1092.8
1349.63
681.76
987.49
1266.22
1738.32
1004.2
644.17
1245.03
625.69
734.69
1283.55
1344.27
664.47
707.42
752.55
1102.34
1894.5
1306.91
658.27
1646.99
1488.56
879.94
723.59
1141.82
992.26
1060.03
1353.17
1300.66
1376.16
1160.63
1452.64
650.5
738.35
1323.98
773.77
1030.29
1362.79
555.96
1170.41
681.31
1910.67
534.03
770.71
1426.12
632.54
1044.37
684.75
1401.2
1820.26
1111.07
1343.88
799.24
1128.73
1730.14
898.64
772.83
832.59
997.02
676.51
512.95
1032.03
868.63
503.28
1122.14
646.94
1098.38
766.69
980.14
589.61
546.35
1179.65
564.91
1427.24
550.21
1122.69
482.7
827.52
938.31
689.98
832.49
1259.46
764.48
511.51
1308.56
485.71
671.38
1028.82
949.38
601.36
1541.17
928.03
934.52
751.45
1038.02
1009.3
902.23
491.22
665.38
538.62
1075.13
661.8
910.54
1170.1
665.03
285.53
271.11
276.66
702.21
1183.78
485.31
910.2
814.23
419.09
829.12
795.04
767.99
881.64
703.34
1078.93
453.87
939.09
1064.69
1209.39
294.13
752.26
924.46
1129.25
1017.03
710.64
798.71
1134.9
1049.71
833.07
335.47
532.21
761.24
321.43
309.13
720.32
656.0
1076.88
814.94
760.98
1082.02
481.05
674.03
273.55
770.65
299.16
265.05
1106.42
864.1
766.51
798.28
1026.38
819.94
632.29
321.03
1040.42
260.11
794.12
612.48
750.7
659.49
818.51
762.32
600.68
440.68
317.35
833.55
776.55
1143.38
801.09
421.28
901.1
783.91
1129.38
298.17
621.55
489.78
646.91
760.67
755.67
337.44
640.47
880.3
730.35
550.39
242.74
795.76
878.23
297.7
1104.12
640.28
879.0
1106.21
837.83
303.79
475.84
315.79
1143.99
1134.24
334.19
798.16
1474.99
1156.96
1190.45
1445.14
1205.38
518.76
687.6
758.0
1045.06
1436.23
708.76
1357.12
931.45
668.1
1440.9
723.5
737.73
569.73
999.86
1348.48
504.73
622.75
886.2
1469.61
1292.69
731.09
1457.43
676.33
1279.41
557.72
643.89
957.1
583.12
545.57
764.45
1477.71
1316.23
898.27
1111.75
1276.44
1505.58
873.82
1110.85
1478.18
817.63
1324.04
975.99
1131.8
791.26
1282.82
1440.89
720.35
1564.47
1396.37
572.52
1342.4
800.61
646.58
810.31
1469.3
817.46
1035.56
1173.43
1554.86
1428.73
676.29
1066.37
1310.09
1408.28
655.88
1514.92
461.55
1331.51
522.42
886.69
1279.26
1306.44
723.09
1419.79
987.78
769.57
596.22
727.47
1430.97
846.99
684.67
1503.84
1397.06
789.51
1467.2
561.46
1047.35
651.19
1021.9
900.41
1182.9
622.21
1300.91
1400.79
717.78
1823.36
1998.03
2069.08
1927.82
1853.6
2029.04
2058.99
1924.39
2024.93
1972.67
2042.52
1914.48
1800.63
1938.84
1921.83
1967.41
1783.97
1969.27
1827.58
1801.42
1717.15
1811.14
1972.1
1941.1
2015.63
1817.91
1904.62
2028.91
1798.95
1975.82
1717.86
1766.34
1924.75
1855.57
2081.98
1712.93
1879.8
1962.8
1916.45
1805.62
1791.98
2005.77
1910.01
1837.39
1794.71
1871.88
1966.97
1715.12
2211.21
2182.7
1868.31
1926.44
1811.7
1893.32
1915.95
1836.84
1980.29
2115.55
1745.13
1807.06
1777.53
1936.22
1853.46
1898.8
2042.15
1825.76
1903.45
1888.67
2047.56
1868.32
2220.57
1923.92
1855.36
1984.47
1851.76
2106.74
1902.07
1987.63
1989.34
1805.44
1971.94
1900.65
1880.36
1910.71
1960.78
1926.67
1849.17
1767.54
1804.94
2008.81
1859.63
1933.96
2180.74
1761.8
2014.77
1703.24
1788.12
2135.74
1742.27
1793.91
1274.9
1202.35
916.09
1906.47
1492.57
732.97
1174.54
1334.48
578.36
1205.91
2161.57
1532.92
1854.58
1788.32
1524.58
1961.56
1750.32
1837.82
1764.13
1412.96
1387.7
2231.56
1763.96
1827.53
1491.22
1451.64
1605.58
854.6
1983.71
1406.79
1687.47
1581.49
1788.84
928.54
1346.18
2061.37
636.68
1847.02
1684.72
399.35
1907.84
2019.49
1181.94
645.06
1283.4
1749.16
1883.57
694.97
1604.62
1445.68
1529.96
1444.33
1261.49
2119.94
1593.76
1053.91
1548.86
1901.08
1266.07
1845.4
1243.23
1052.05
689.18
198.43
1286.57
1094.9
1191.11
1833.97
1273.54
861.99
1522.8
1390.17
1389.15
500.37
1543.03
1614.98
1476.61
1576.99
728.53
1628.94
1203.18
912.66
1546.76
1939.48
570.85
1786.48
1491.84
1740.68
1049.24
1756.99
2199.01
806.16
1287.92
1345.3
1465.53
1729.82
1790.28
1135.34
1060.68
1102.19
1421.01
1853.09
1525.9
1758.4
1867.46
1835.62
1837.76
1831.52
1288.98
1604.52
1372.77
1082.52
1153.05
1472.19
1465.15
1225.33
1420.92
1454.21
1305.89
1602.45
871.77
1614.92
1780.03
1170.48
1251.71
2158.47
1150.06
1703.2
1419.57
1925.79
488.89
1484.86
1380.12
1084.32
450.82
1518.82
1124.32
1214.86
1758.63
1188.39
841.32
1400.58
795.26
1913.96
1016.45
1963.67
1941.16
1174.65
842.32
1771.89
1703.74
1507.5
1974.59
2161.86
1535.48
748.82
1660.38
766.85
1093.99
1850.56
1870.54
771.27
600.28
1391.97
1610.94
1152.69
778.38
1657.65
1577.46
2022.14
1876.36
1849.15
1030.83
1909.2
1143.83
1423.15
1679.72
1918.43
1714.51
1667.24
984.71
1799.01
1858.69
1566.88
1626.31
1425.93
579.06
1028.09
731.35
1393.41
1997.57
1911.83
1271.49
1386.04
1169.78
1436.96
1677.23
1636.51
1459.63
1618.94
1507.45
1397.47
1877.6
1551.53
1057.24
1675.58
1410.84
1534.11
1648.78
1984.41
1509.43
1507.47
1746.72
1500.01
1604.93
2229.38
1833.39
2032.18
1551.94
985.85
1124.52
2087.56
1905.4
1761.97
1418.67
1675.0
965.16
555.86
1431.63
1612.06
1168.35
1022.27
1231.43
1860.06
1997.28
1624.05
1765.14
1949.98
2001.66
1754.99
1407.77
1654.78
1846.91
1503.61
2015.26
1557.25
1377.74
1837.45
1756.16
1864.63
583.49
716.0
1883.6
1570.84
1757.08
2103.96
1651.84
1842.56
1640.97
1843.32
1195.57
1775.67
826.76
1463.5
1632.38
1589.99
1120.47
1492.27
1003.35
1926.98
1625.7
775.61
1586.2
1781.24
740.43
1210.97
1646.88
1799.65
1883.8
1246.56
1039.82
1031.87
979.99
1466.42
1411.19
727.08
1777.69
1153.03
1087.96
1885.86
1520.52
1025.31
1730.73
1295.77
1017.7
1528.33
619.58
1337.99
1101.93
1692.51
730.94
1270.13
1013.53
1933.29
1448.41
1512.19
1774.92
1725.07
889.27
1909.52
1693.31
1045.93
1094.83
1681.87
1555.61
1082.03
1767.9
1840.18
1681.24
1610.36
1520.32
1784.23
714.56
1351.38
1244.21
1639.31
1171.58
1621.21
1823.19
920.29
1496.0
1203.32
1793.83
1574.04
1357.24
624.48
1112.74
1878.57
1635.8
836.78
1800.22
1428.84
1246.67
1808.97
1528.19
1439.93
596.11
1030.98
1811.79
1550.06
902.52
912.43
1832.01
1085.84
1382.74
1723.07
1643.09
1508.73
832.98
1748.79
1633.88
1831.6
1841.42
1432.12
1482.41
1600.66
1970.14
818.33
1671.06
1733.66
1497.94
1402.4
1763.66
781.78
1643.57
1477.62
1909.03
2020.75
1600.06
1682.28
1444.95
1785.36
1703.82
942.46
973.26
1320.81
1344.91
1528.59
1811.9
2048.28
1575.04
1266.08
1236.99
1078.03
1430.05
1176.74
1932.6
1722.64
1756.65
1290.82
1655.76
1621.6
311.22
2141.37
1390.27
1625.0
1623.87
1866.09
1919.09
939.1
575.22
1186.87
658.71
1885.75
1824.24
1945.53
511.58
1407.31
1705.35
1538.02
1572.65
1506.99
855.8
1773.78
1004.69
1668.91
1711.52
1510.0
1957.78
1641.69
745.52
1597.39
590.35
1588.48
1772.76
1782.98
872.47
1492.77
1234.31
921.49
1623.17
886.44
1702.11
1658.96
1651.33
1960.29
1816.84
1536.62
1188.7
1137.39
1705.76
1211.13
1595.49
1405.65
716.8
1115.92
1460.68
1021.16
1777.92
1358.52
2070.57
500.71
1838.93
1450.4
1812.72
1630.15
366.84
831.8
1649.22
652.52
1029.04
1556.82
1496.61
1706.18
1365.13
1863.55
1380.78
1778.68
804.45
1531.5
1518.38
1161.96
1515.77
1634.61
1593.99
478.52
1171.02
767.22
1471.66
1551.45
1072.49
1222.42
938.88
1108.24
1122.33
1511.92
1928.34
1866.16
1915.39
1347.94
1951.66
1806.28
1021.83
1243.53
797.07
1119.54
1517.58
1234.54
1845.91
1759.38
1537.68
843.39
1620.67
1203.0
1683.15
1774.44
1958.21
1198.17
1817.19
872.47
1565.08
1329.23
1079.61
1724.66
1275.49
1668.63
1862.3
900.33
1238.65
1513.47
684.87
1580.56
1380.26
890.08
1851.57
1507.45
2033.57
1211.74
521.13
1155.84
1535.24
1839.3
1775.51
1569.26
1352.92
1433.36
1623.49
1652.73
1386.81
1442.57
1956.14
1393.49
1609.37
1395.15
1631.76
1822.83
1781.39
1825.87
1309.64
1026.76
1119.35
1464.4
1558.92
973.03
1844.95
1580.3
805.35
1517.18
1970.93
1514.62
1192.5
791.01
1500.08
1194.04
812.87
1384.62
959.05
1386.45
1185.83
1310.28
1624.07
943.88
1305.73
1206.03
1168.78
1479.2
1634.07
766.4
1724.02
1144.96
381.91
1391.67
939.27
1467.36
1030.37
1660.17
1182.45
1461.84
1131.06
1755.52
1147.35
1566.84
1227.0
1648.91
1900.89
2218.65
1693.27
1335.94
659.82
1829.88
1596.6
1524.97
1422.53
1648.44
1894.58
1566.1
1499.62
1497.65
1151.44
2107.06
1806.16
1882.77
1119.9
1396.0
1650.46
1649.82
1436.71
622.69
1833.51
1485.04
1820.46
1381.0
887.8
1749.3
1763.9
1379.66
1961.14
1479.44
1548.64
740.04
1515.08
1988.0
1433.68
1616.48
1929.75
1740.89
1547.17
1862.0
1529.11
1543.42
1518.11
1546.96
1569.14
2240.42
969.07
773.63
1813.52
1478.31
1245.22
416.98
1358.54
788.11
935.56
1873.13
963.76
1544.87
1760.95
1761.32
1395.32
1871.81
1364.65
1050.94
1283.54
1864.26
1543.55
1676.8
1588.82
1400.5
892.5
1586.28
1538.81
1284.72
1439.82
1685.84
1664.93
1144.85
1704.35
1438.81
1628.32
1831.64
997.0
1904.04
1537.72
1794.18
1121.68
2026.71
1608.22
2030.65
1308.21
996.19
1984.34
1816.58
1493.13
962.24
1423.89
1800.8
1581.17
1598.41
1375.12
373.45
1650.53
1054.35
1064.97
1254.33
2250.46
1057.99
1367.3
1705.31
1077.88
675.35
1269.58
1503.09
1409.05
1578.58
952.13
991.94
1288.97
1453.5
1473.05
1359.19
1817.66
1695.87
1242.63
815.77
1527.62
1779.49
1502.93
1458.02
1480.65
692.63
1486.45
1043.14
756.63
1240.68
1682.1
1602.28
1806.46
1194.74
1759.1
880.93
1648.91
1856.07
1124.84
2007.69
1175.26
1930.04
758.46
560.76
1522.76
1086.5
1823.9
1267.18
1806.06
1588.24
1444.93
1628.59
1227.47
907.56
1781.8
1711.37
568.72
1242.96
835.68
1039.26
849.29
1491.38
1502.65
1537.55
2009.84
517.61
705.21
512.74
1407.73
1153.0
1510.22
963.11
2196.52
1587.95
303.6
1531.26
1091.25
669.94
1178.94
1449.18
888.42
1862.3
1777.48
1698.79
860.39
387.07
1504.88
1139.94
1499.54
1518.35
1224.01
1661.11
477.69
593.57
1680.38
1689.6
758.46
960.36
1159.32
1340.98
1450.08
1382.83
1822.48
530.25
1364.87
867.87
1417.97
1630.41
1775.12
1679.32
1478.73
1879.73
1377.23
1955.81
1234.16
1610.57
834.23
1462.87
1203.82
801.1
1606.96
1692.65
1594.32
1661.66
1482.73
1670.1
1211.19
1160.72
1396.72
1250.14
881.58
1748.04
1629.15
1560.24
1498.6
2056.3
1827.44
1610.56
498.24
1093.21
1317.86
1971.64
1542.03
1070.29
1437.91
960.82
1932.09
1671.74
2138.52
1642.94
1466.68
1030.6
2136.51
1695.02
513.19
1299.14
897.58
1377.4
1532.88
1496.51
1516.99
1638.52
1502.62
1842.41
1291.83
1190.1
1538.24
1538.85
785.64
1509.42
1535.53
1040.87
693.34
828.89
1369.24
1077.41
1500.82
974.97
1827.05
1758.29
727.35
1503.42
1479.4
1493.62
1347.19
1295.58
1821.09
1540.67
1760.27
2136.16
1888.49
1696.85
1405.23
1181.33
1452.46
1457.77
1744.8
1675.58
630.27
1763.62
1925.85
1862.43
1768.0
1353.42
1386.26
1099.37
1264.88
1785.61
707.18
405.67
868.71
543.68
1329.82
1015.04
854.4
672.75
916.37
1619.69
1422.66
630.72
1111.87
1923.87
887.51
1829.02
1848.48
1487.94
1698.21
399.84
1364.01
1454.08
937.94
1304.55
1367.74
1198.65
1996.52
1362.39
1559.53
696.66
2105.13
1166.18
1906.66
1158.75
1431.07
1314.89
1552.92
705.34
1447.24
377.37
1373.95
1662.85
1897.16
354.04
1751.85
783.75
1081.4
967.91
1230.08
1704.37
1407.56
1527.73
1596.96
864.02
688.47
1219.86
1941.81
1837.44
1143.48
2028.59
1865.27
1663.37
968.12
1512.84
1470.63
722.18
1677.98
1218.26
1748.48
1294.63
1337.79
1689.67
1505.54
1371.88
1735.76
1785.28
1654.34
1491.68
1259.3
1564.27
1790.83
1096.54
1718.03
1149.11
877.11
1680.79
1608.61
1956.42
942.51
1191.75
1172.34
1078.25
1817.09
1241.23
2017.02
677.82
1370.84
1423.83
1318.68
1537.11
1793.51
1962.11
1589.78
947.67
1247.28
1768.8
2007.37
495.8
1887.51
770.71
1051.03
1836.26
1010.22
1452.55
605.31
1941.65
1531.68
1979.75
1923.49
1305.34
1655.93
1533.65
1945.15
1624.05
1497.11
986.95
857.6
1596.09
816.17
1732.09
1469.6
1373.88
2152.37
1630.36
1594.51
1561.53
1081.8
1768.98
1796.54
1897.88
610.03
1022.69
1072.59
1509.6
1852.5
1716.1
1494.02
1856.48
1674.97
1393.39
1678.17
1792.54
1535.81
1933.1
999.58
1325.27
933.05
1705.23
1732.07
1720.25
635.01
1394.0
787.61
1171.93
1273.9
1242.26
539.02
1432.89
1425.09
1660.96
1179.38
781.67
1148.3
1662.29
647.99
656.86
1577.94
1786.15
1205.7
1751.69
1581.65
1756.38
1640.15
1556.8
1638.38
1332.54
1774.67
1563.79
1289.94
746.66
1145.31
1111.25
1354.01
624.33
1527.03
1889.68
1708.73
1406.91
1536.61
953.65
1730.24
2143.54
1460.06
1196.36
1816.01
1192.8
1309.29
1509.83
1624.88
1011.97
1162.12
1919.05
1798.13
1868.28
1324.65
1637.47
1841.79
1581.3
1983.4
1733.96
1566.17
1706.01
1453.48
1799.32
1252.71
1635.76
1314.53
1489.72
1517.62
1488.74
938.15
685.72
1753.99
1629.02
1192.61
1076.44
1106.51
1389.51
1334.85
606.82
726.5
1565.78
1701.81
1597.86
1495.55
2014.56
1930.92
2064.1
1233.24
1518.4
982.62
1210.87
962.36
1842.61
667.46
1667.91
1070.15
1712.5
1860.36
1314.21
1635.94
945.68
1520.75
1785.33
478.2
1375.07
1281.57
1464.7
1424.29
1579.91
684.41
1432.01
1536.42
265.59
736.26
1948.51
1564.15
896.09
1143.63
1777.39
621.53
674.55
1914.09
1713.9
1713.81
1873.84
1899.11
1223.95
1572.07
1264.22
1854.13
1636.22
1624.67
1580.3
2073.91
571.24
1766.55
1295.89
1583.23
1539.26
749.99
1236.82
1604.89
1477.15
822.26
1394.56
1871.61
1368.69
845.45
1504.46
1302.13
1647.37
1912.36
1685.63
578.02
235.17
849.96
1654.79
1759.5
1848.92
1575.13
1516.05
1805.09
1676.58
1749.72
591.71
1645.25
1905.64
1580.44
1760.0
1941.06
1383.79
1924.42
1489.17
1245.29
1467.69
839.51
1697.1
1533.18
1815.04
1253.53
1421.1
290.57
1867.09
1408.84
1438.79
554.66
876.46
1845.09
1567.7
1723.45
999.74
1771.68
1440.79
832.39
1673.5
1306.4
843.53
786.46
1240.81
1913.82
1810.28
1407.46
676.55
1219.53
1149.32
1019.46
1721.79
1270.01
1337.95
1340.44
1532.33
1501.33
1821.76
793.43
1447.28
1779.49
1632.89
423.13
1923.93
1480.75
2229.98
1773.08
766.8
1105.37
588.44
1652.13
1726.21
795.15
1118.95
1690.56
586.83
1145.22
884.82
1667.31
1546.91
2193.19
941.69
1307.45
1216.4
1605.8
1924.29
666.04
1871.77
1354.15
1471.23
609.4
1652.98
1534.11
1902.31
1812.08
714.47
1624.12
1259.43
1856.07
1482.6
1600.52
1733.83
734.62
1218.48
1012.87
1020.98
1359.23
1473.87
1797.91
1493.6
1390.33
1533.51
1290.49
1438.82
1319.34
1948.86
1009.38
1864.86
1572.82
1654.39
1509.4
1042.85
1470.21
1937.62
1662.71
812.29
1564.84
1507.15
2029.2
1686.03
1672.29
1811.61
1396.27
1525.47
1687.05
1805.72
1008.54
1560.94
783.36
1755.09
1832.77
459.66
1654.09
1887.18
1877.97
1465.33
1425.52
830.04
1184.3
1814.06
1185.4
1783.02
1250.14
792.76
1490.79
1565.84
1425.54
1860.06
1251.93
374.62
859.22
1789.41
2175.03
1788.02
1647.65
1982.99
1278.86
1560.83
1688.78
1661.15
1362.38
1484.05
1481.71
1618.22
1086.15
1645.61
1503.43
1133.2
961.67
659.14
1877.45
1289.48
1449.19
815.69
1151.05
1464.92
1614.49
1099.12
1348.01
1747.77
800.05
1907.16
991.8
785.71
1742.17
990.52
1734.08
1911.09
1148.1
1755.54
1886.79
1904.26
739.55
362.5
848.92
1550.05
1807.95
583.07
1723.66
1823.42
1301.28
1623.12
897.77
760.5
1706.8
785.23
180.71
1370.57
1914.2
1730.74
1654.2
1935.34
1696.21
2107.67
1674.04
1341.82
1294.62
1721.91
911.57
1486.22
1494.22
1813.37
1168.89
1612.05
1234.96
1613.98
1549.74
1388.4
1452.14
1030.85
1768.96
1045.87
1777.17
2118.6
797.55
1826.17
122.15
1986.0
1338.99
1683.44
1755.61
942.49
1869.97
1953.08
1637.37
1644.53
551.41
1512.85
1650.79
1516.07
1469.47
1758.72
1020.73
1902.23
1583.7
1310.78
228.86
1915.51
402.4
274.23
1229.22
922.75
1832.84
1861.93
1454.27
1656.47
1609.64
1484.88
1553.95
1076.56
790.28
1717.06
1254.26
1563.48
1359.58
1398.37
1737.02
1652.77
1546.19
721.97
1476.91
1497.57
1854.58
1013.81
703.03
1127.38
1172.05
1368.0
1044.24
1642.41
1592.57
1789.06
792.41
1721.38
837.25
1961.1
1941.42
1465.96
1211.65
1475.27
831.52
1948.7
1316.9
803.52
1603.67
1109.61
854.65
541.28
876.06
492.14
1839.46
1863.45
1646.34
1318.71
1170.1
382.97
1504.12
1748.43
1148.37
381.3
1640.63
1625.19
558.07
1381.13
690.1
1005.08
1279.58
2107.93
875.06
296.96
1323.6
1883.54
1380.36
1839.92
1917.28
1117.41
1654.39
1916.09
1290.23
906.86
1044.36
1694.25
1283.07
1610.62
1018.34
1595.52
2152.89
1673.85
1202.36
1943.5
1986.21
1371.71
1645.84
1556.35
968.42
1901.72
1408.26
1266.93
1528.62
1796.65
1491.51
389.69
1563.94
797.58
1092.82
233.53
1676.14
1855.23
1757.76
1206.92
1369.04
1727.61
1946.56
1630.14
1264.89
1475.61
628.99
1832.84
1816.69
1095.43
1808.23
1294.0
1724.02
1885.62
1626.49
641.74
966.23
1532.63
1836.0
1518.97
1278.4
1577.98
1399.26
1143.24
1777.15
1524.43
1813.11
1562.15
866.62
1784.05
1480.6
1666.23
1023.18
1543.56
1083.83
941.5
1467.31
1667.68
1550.59
1426.1
1844.91
1212.33
782.21
878.84
1816.48
1630.63
1662.57
1388.39
1325.78
1257.1
716.84
2062.56
883.17
1983.18
1060.59
1644.53
566.74
1310.64
1290.66
1052.76
387.8
1706.96
1739.31
563.29
1155.23
2049.98
1871.38
1179.04
1707.73
1426.1
1555.51
1665.53
1516.17
2184.03
999.44
616.39
1952.8
1666.58
1550.61
1806.62
2134.28
1484.94
1629.23
1572.21
1380.16
1219.27
1212.52
1237.66
1635.56
1517.29
1989.36
1541.28
1643.25
1542.04
1617.14
1277.83
1783.93
1062.43
1390.77
1221.1
1660.49
1984.66
574.3
1144.26
1431.4
1939.64
1759.34
1189.61
1959.7
1654.4
1653.03
1818.61
849.27
858.35
1812.28
396.9
1847.22
1961.51
1888.37
1757.68
1506.56
1510.4
1505.89
1852.07
284.57
1640.59
1171.63
1243.16
1969.82
1307.09
1139.09
1446.03
1617.03
1606.67
1460.19
1544.9
1381.28
1880.73
884.3
1401.38
1090.37
1181.33
682.98
634.97
940.15
1595.12
523.74
1386.11
834.5
1552.45
1763.15
1908.93
1535.25
1909.32
1503.03
1361.79
1693.49
1920.65
1230.99
622.31
1190.72
1760.3
1601.43
1784.42
1900.94
701.27
398.84
1822.25
1061.98
1840.94
917.74
1880.04
1139.6
1595.71
1180.86
1142.39
1362.04
1436.63
1761.96
1256.41
1950.09
1529.48
1484.25
1645.69
1656.11
1908.6
1733.48
1583.23
1134.32
2117.51
939.6
804.93
1619.7
1289.34
1652.79
835.48
1308.47
1295.66
1567.69
1627.17
1977.76
1258.34
1288.79
1589.87
555.67
1659.02
1526.6
1802.49
1869.66
586.43
633.28
1699.7
1846.6
1184.37
1787.12
798.92
1173.16
1383.98
747.85
2197.7
1432.92
1078.84
1877.05
1799.11
1457.08
1001.53
854.77
1452.84
1592.58
1768.76
1488.21
1681.85
1612.91
1197.58
1882.61
1674.99
1264.9
1877.13
280.04
1725.5
1319.5
1699.48
659.84
645.49
1883.32
1523.24
1231.04
897.36
1575.76
1918.5
1687.72
1338.66
1636.29
1660.16
1269.6
1683.95
1613.75
1512.35
1122.58
1324.66
931.94
1792.23
1984.91
1571.48
1920.35
2167.68
1809.29
1547.46
1634.18
623.74
961.89
1502.26
787.84
1481.0
1419.69
1861.29
1028.85
1769.64
1636.04
1606.26
1642.25
1519.05
1817.01
453.12
899.58
706.66
1466.61
741.23
1897.56
1678.52
2183.53
1597.96
1304.05
1066.6
508.03
967.43
1661.02
1480.5
1622.7
1057.54
880.51
1356.06
1338.61
1494.18
903.71
945.24
1583.85
1623.89
2010.05
908.79
1208.75
488.92
702.93
1702.1
1424.36
1789.92
1525.74
1593.28
1445.23
1849.98
1825.1
1096.5
1969.42
1526.35
1595.86
882.09
1486.02
1787.28
375.27
1845.88
1890.07
1118.77
1515.51
981.16
1749.05
1218.16
1490.42
1492.16
1458.78
710.2
1530.06
1630.76
1652.47
915.64
1111.55
1857.05
717.43
1796.6
1936.05
898.09
1163.56
1918.89
1491.58
809.53
1807.73
1212.79
1249.49
1262.7
1651.64
1003.02
1348.09
1985.94
1600.62
1131.78
1662.17
1726.45
1384.44
994.07
